# Camera calibration results
# Reprojection error: 0.026052 pixels
# Generated: 2025-11-03 11:40:07
# Number of images used: 33
# Checkerboard: 8x6, square size: 0.025m

image_width: 800
image_height: 600
camera_name: basler_camera
camera_matrix:
  rows: 3
  cols: 3
  data: [2566.396568, 0.000000, 312.136245, 0.000000, 2569.968221, 215.953953, 0.000000, 0.000000, 1.000000]
distortion_model: plumb_bob
distortion_coefficients:
  rows: 1
  cols: 5
  data: [-0.235757, -0.015227, -0.000390, 0.001142, -2.966242]
rectification_matrix:
  rows: 3
  cols: 3
  data: [1.0, 0.0, 0.0, 0.0, 1.0, 0.0, 0.0, 0.0, 1.0]
projection_matrix:
  rows: 3
  cols: 4
  data: [2566.396568, 0.0, 312.136245, 0.0, 0.0, 2569.968221, 215.953953, 0.0, 0.0, 0.0, 1.0, 0.0]
